image_width: 640
image_height: 480
camera_name: mono
camera_matrix:
  rows: 3
  cols: 3
  data: [1794.883710, 0.000000, 709.191119, 0.000000, 1799.45250, 601.501656, 0.000000, 0.000000, 1.000000]
distortion_model: plumb_bob
distortion_coefficients:
  rows: 1
  cols: 5
  data: [-0.0342411745, -0.268495022,  0.0033373159, -0.000928401245, 1.16781069]
rectification_matrix:
  rows: 3
  cols: 3
  data: [1.000000, 0.000000, 0.000000, 0.000000, 1.000000, 0.000000, 0.000000, 0.000000, 1.000000]
projection_matrix:
  rows: 3
  cols: 4
  data: [794.883710, 0.000000, 709.191119, 0.000000, 0.000000, 1799.45250, 601.501656, 0.000000, 0.000000, 0.000000, 1.000000, 0.000000]
